130659.319374108
130659.318765977
130659.318864565
130659.318882775
130659.318812069
130659.318863150
94612.4279627626
76637.8701154308
76394.9048603155
75994.8583731347
75435.1153507930
74720.5454495553
73848.1544247913
72821.3968088823
71641.2128394585
70308.0996657635
68821.4719248124
67269.5741914967
65710.9040883663
64139.4350343673
62537.3622817624
60890.0074363306
59172.4260566112
57329.1602338332
55255.7847405998
52968.9261348584
50588.7961935392
48438.0035893168
46235.3250312953
44575.9714744442
43398.7265975249
41733.8656401943
40037.1846165539
38547.2084205308
31469.6974700763